function mpc = caseTurkish_dataset
%CASETURKISH_DATASET

%% MATPOWER Case Format : Version 2
mpc.version = '2';

%%-----  Power Flow Data  -----%%
%% system MVA base
mpc.baseMVA = 100;

%% bus data
%	bus_i	type	Pd	Qd	Gs	Bs	area	Vm	Va	baseKV	zone	Vmax	Vmin
mpc.bus = [
	1	3	219.154331	0	0	0	1	1.015	0	345	1	1.06	0.94;
	2	1	394.978708	0	0	0	1	0.99959	-3.0384	345	1	1.06	0.94;
	3	1	278.175315	0	0	0	1	0.9986	-3.3479	345	1	1.06	0.94;
	4	1	284.072652	0	0	0	1	0.98828	-4.081	345	1	1.06	0.94;
	5	1	283.619069	0	0	0	1	0.99354	-3.2938	345	1	1.06	0.94;
	6	1	522.153592	0	0	0	1	0.98613	-4.1776	345	1	1.06	0.94;
	7	1	468.232823	0	0	0	1	0.99274	-3.4892	345	1	1.06	0.94;
	8	1	167.274239	0	0	0	1	1.0375	1.0439	345	1	1.06	0.94;
	9	1	138.491147	0	0	0	1	1.0112	3.2248	345	1	1.06	0.94;
	10	1	87.4706487	0	0	0	1	1.0185	5.1692	345	1	1.06	0.94;
	11	1	461.494974	0	0	0	1	1.0063	3.4083	345	1	1.06	0.94;
	12	1	438.945173	0	0	0	1	0.99229	-14.5298	345	1	1.06	0.94;
	13	1	114.069915	0	0	0	1	0.98974	-8.9867	345	1	1.06	0.94;
	14	1	24.017981	0	0	0	1	0.99946	-6.1963	345	1	1.06	0.94;
	15	1	30.6709158	0	0	0	1	1.0161	-4.1662	345	1	1.06	0.94;
	16	1	356.808039	0	0	0	1	1.0045	-8.8076	345	1	1.06	0.94;
	17	1	627.318123	0	0	0	1	1.0001	-2.2893	345	1	1.06	0.94;
	18	1	9.12980952	0	0	0	1	1.0137	-1.3478	345	1	1.06	0.94;
	19	1	319.346962	0	0	0	1	1.002	1.3987	345	1	1.06	0.94;
	20	1	359.157008	0	0	0	1	1.0058	-1.6989	345	1	1.06	0.94;
	21	1	4.09114583	0	0	0	1	1.0232	-0.64798	345	1	1.06	0.94;
	22	1	112.784412	0	0	0	1	1.0052	-1.1839	345	1	1.06	0.94;
	23	1	76.1390191	0	0	0	1	1.0125	4.4696	345	1	1.06	0.94;
	24	1	11.9513035	0	0	0	1	0.99443	0.95642	345	1	1.06	0.94;
	25	1	59.8530695	0	0	0	1	1.0272	3.1932	345	1	1.06	0.94;
	26	1	225.010884	0	0	0	1	1.0209	6.5875	345	1	1.06	0.94;
	27	1	61.7796714	0	0	0	1	1.0115	-6.8063	345	1	1.06	0.94;
	28	1	21.187379	0	0	0	1	1.017	-6.9836	345	1	1.06	0.94;
	29	1	14.7118862	0	0	0	1	1.0246	-1.1787	345	1	1.06	0.94;
	30	1	93.9029139	0	0	0	1	0.99381	-2.3119	345	1	1.06	0.94;
	31	1	115.900461	0	0	0	1	0.96379	-5.2821	345	1	1.06	0.94;
	32	1	149.77532	0	0	0	1	1.0088	-0.24727	345	1	1.06	0.94;
	33	2	3.32720558	0	0	0	1	1.0129	3.3489	345	1	1.06	0.94;
	34	1	275.861054	0	0	0	1	1.0109	2.5751	345	1	1.06	0.94;
	35	1	37.1361157	0	0	0	1	1.0885	-10.3928	345	1	1.06	0.94;
	36	2	19.9401303	0	0	0	1	1.01	-1.2578	345	1	1.06	0.94;
	37	2	78.2467597	0	0	0	1	1.02	5.907	345	1	1.06	0.94;
	38	2	39.6373253	0	0	0	1	1.03	-0.7999	345	1	1.06	0.94;
	39	2	324.030124	0	0	0	1	1.02	0.98935	345	1	1.06	0.94;
	40	2	354.589877	0	0	0	1	1.02	1.1259	345	1	1.06	0.94;
	41	1	717.809611	0	0	0	1	1.02	0.98	345	1	1.06	0.94;
	42	2	72.5312461	0	0	0	1	1.01	1.8809	345	1	1.06	0.94;
	43	2	80.5330494	0	0	0	1	1.02	6.14	345	1	1.06	0.94;
	44	2	99.7514794	0	0	0	1	1.02	5.363	345	1	1.06	0.94;
	45	1	421.419875	0	0	0	1	1.01	5.8174	345	1	1.06	0.94;
	46	2	37.1951225	0	0	0	1	1.03	4.8946	345	1	1.06	0.94;
	47	2	25.640741	0	0	0	1	1.03	5.5937	345	1	1.06	0.94;
	48	2	112.64011	0	0	0	1	1.01	5.8174	345	1	1.06	0.94;
	49	2	194.077376	0	0	0	1	1.02	-12.0221	345	1	1.06	0.94;
	50	2	515.698881	0	0	0	1	1.01	-2.4417	345	1	1.06	0.94;
	51	2	363.873428	0	0	0	1	1.0117	1.2016	345	1	1.06	0.94;
	52	2	10.5038813	0	0	0	1	1.0011	0.68186	345	1	1.06	0.94;
	53	1	274.707865	0	0	0	1	1.0111	-0.26222	345	1	1.06	0.94;
	54	2	463.941096	0	0	0	1	1.0111	1.3647	345	1	1.06	0.94;
	55	1	161.112992	0	0	0	1	1.0112	-0.56532	345	1	1.06	0.94;
	56	2	37.6992015	0	0	0	1	1.02	-0.21608	345	1	1.06	0.94;
	57	2	21.9917375	0	0	0	1	1.02	0.91455	345	1	1.06	0.94;
	58	2	3.47247939	0	0	0	1	1.041	2.9342	345	1	1.06	0.94;
	59	2	128.244271	0	0	0	1	1.0412	-0.46674	345	1	1.06	0.94;
	60	2	39.5661546	0	0	0	1	1.0111	5.1852	345	1	1.06	0.94;
	61	2	13.2393055	0	0	0	1	1.0112	7.8823	345	1	1.06	0.94;
];

%% generator data
%	bus	Pg	Qg	Qmax	Qmin	Vg	mBase	status	Pmax	Pmin	Pc1	Pc2	Qc1min	Qc1max	Qc2min	Qc2max	ramp_agc	ramp_10	ramp_30	ramp_q	apf
mpc.gen = [
	1	610	0	100	-100	1.03709623	100	1	732	0	0	0	0	0	0	0	0	0	0	0	0;
	33	1125	0	100	-100	1.10965947	100	1	1350	0	0	0	0	0	0	0	0	0	0	0	0;
	36	394	0	100	-100	0.960183689	100	1	472.8	0	0	0	0	0	0	0	0	0	0	0	0;
	37	262	0	100	-100	0.991453745	100	1	314.4	0	0	0	0	0	0	0	0	0	0	0	0;
	38	445	0	100	-100	1.23732874	100	1	534	0	0	0	0	0	0	0	0	0	0	0	0;
	39	9975	0	100	-100	0.952607898	100	1	11970	0	0	0	0	0	0	0	0	0	0	0	0;
	40	365	0	100	-100	1.09463409	100	1	438	0	0	0	0	0	0	0	0	0	0	0	0;
	42	156	0	100	-100	1.08181616	100	1	187.2	0	0	0	0	0	0	0	0	0	0	0	0;
	43	576	0	100	-100	1.15889709	100	1	691.2	0	0	0	0	0	0	0	0	0	0	0	0;
	44	1449	0	100	-100	1.0526012	100	1	1738.8	0	0	0	0	0	0	0	0	0	0	0	0;
	46	350	0	100	-100	0.753480245	100	1	420	0	0	0	0	0	0	0	0	0	0	0	0;
	47	297	0	100	-100	0.914747206	100	1	356.4	0	0	0	0	0	0	0	0	0	0	0	0;
	48	182	0	100	-100	1.05117354	100	1	218.4	0	0	0	0	0	0	0	0	0	0	0	0;
	49	250	0	100	-100	1.02577749	100	1	300	0	0	0	0	0	0	0	0	0	0	0	0;
	50	1032	0	100	-100	1.19624474	100	1	1238.4	0	0	0	0	0	0	0	0	0	0	0	0;
	51	262	0	100	-100	1.14063149	100	1	314.4	0	0	0	0	0	0	0	0	0	0	0	0;
	52	167	0	100	-100	1.04968337	100	1	200.4	0	0	0	0	0	0	0	0	0	0	0	0;
	54	1704	0	100	-100	1.00828306	100	1	2044.8	0	0	0	0	0	0	0	0	0	0	0	0;
	56	416	0	100	-100	0.845152214	100	1	499.2	0	0	0	0	0	0	0	0	0	0	0	0;
	57	1320	0	100	-100	1.18631596	100	1	1584	0	0	0	0	0	0	0	0	0	0	0	0;
	58	840	0	100	-100	1.01340266	100	1	1008	0	0	0	0	0	0	0	0	0	0	0	0;
	59	273	0	100	-100	0.845399743	100	1	327.6	0	0	0	0	0	0	0	0	0	0	0	0;
	60	200	0	100	-100	1.04332824	100	1	240	0	0	0	0	0	0	0	0	0	0	0	0;
	61	536.66	0	100	-100	1.01029542	100	1	643.992	0	0	0	0	0	0	0	0	0	0	0	0;
];

%% branch data
%	fbus	tbus	r	x	b	rateA	rateB	rateC	ratio	angle	status	angmin	angmax
