function mpc = caseTurkish_paper
%CASETURKISH_PAPER

%% MATPOWER Case Format : Version 2
mpc.version = '2';

%%-----  Power Flow Data  -----%%
%% system MVA base
mpc.baseMVA = 100;

%% bus data
%	bus_i	type	Pd	Qd	Gs	Bs	area	Vm	Va	baseKV	zone	Vmax	Vmin
mpc.bus = [
	1	3	758.07405	168.4608	0	0	1	1.015	0	345	1	1.06	0.94;
	2	1	0	0	0	0	1	0.99959	-3.0384	345	1	1.06	0.94;
	3	1	0	0	0	0	1	0.9986	-3.3479	345	1	1.06	0.94;
	4	1	0	0	0	0	1	0.98828	-4.081	345	1	1.06	0.94;
	5	1	0	0	0	0	1	0.99354	-3.2938	345	1	1.06	0.94;
	6	1	0	0	0	0	1	0.98613	-4.1776	345	1	1.06	0.94;
	7	1	0	0	0	0	1	0.99274	-3.4892	345	1	1.06	0.94;
	8	1	0	0	0	0	1	1.0375	1.0439	345	1	1.06	0.94;
	9	1	0	0	0	0	1	1.0112	3.2248	345	1	1.06	0.94;
	10	1	0	0	0	0	1	1.0185	5.1692	345	1	1.06	0.94;
	11	1	0	0	0	0	1	1.0063	3.4083	345	1	1.06	0.94;
	12	1	0	0	0	0	1	0.99229	-14.5298	345	1	1.06	0.94;
	13	1	0	0	0	0	1	0.98974	-8.9867	345	1	1.06	0.94;
	14	1	0	0	0	0	1	0.99946	-6.1963	345	1	1.06	0.94;
	15	1	0	0	0	0	1	1.0161	-4.1662	345	1	1.06	0.94;
	16	1	0	0	0	0	1	1.0045	-8.8076	345	1	1.06	0.94;
	17	1	0	0	0	0	1	1.0001	-2.2893	345	1	1.06	0.94;
	18	1	0	0	0	0	1	1.0137	-1.3478	345	1	1.06	0.94;
	19	1	0	0	0	0	1	1.002	1.3987	345	1	1.06	0.94;
	20	1	0	0	0	0	1	1.0058	-1.6989	345	1	1.06	0.94;
	21	1	0	0	0	0	1	1.0232	-0.64798	345	1	1.06	0.94;
	22	1	0	0	0	0	1	1.0052	-1.1839	345	1	1.06	0.94;
	23	1	0	0	0	0	1	1.0125	4.4696	345	1	1.06	0.94;
	24	1	0	0	0	0	1	0.99443	0.95642	345	1	1.06	0.94;
	25	1	0	0	0	0	1	1.0272	3.1932	345	1	1.06	0.94;
	26	1	0	0	0	0	1	1.0209	6.5875	345	1	1.06	0.94;
	27	1	0	0	0	0	1	1.0115	-6.8063	345	1	1.06	0.94;
	28	1	0	0	0	0	1	1.017	-6.9836	345	1	1.06	0.94;
	29	1	0	0	0	0	1	1.0246	-1.1787	345	1	1.06	0.94;
	30	1	0	0	0	0	1	0.99381	-2.3119	345	1	1.06	0.94;
	31	1	0	0	0	0	1	0.96379	-5.2821	345	1	1.06	0.94;
	32	1	0	0	0	0	1	1.0088	-0.24727	345	1	1.06	0.94;
	33	2	0	0	0	0	1	1.0129	3.3489	345	1	1.06	0.94;
	34	1	0	0	0	0	1	1.0109	2.5751	345	1	1.06	0.94;
	35	1	0	0	0	0	1	1.0885	-10.3928	345	1	1.06	0.94;
	36	2	510	136	0	0	1	1.01	-1.2578	345	1	1.06	0.94;
	37	2	693	184.8	0	0	1	1.02	5.907	345	1	1.06	0.94;
	38	2	678	180.8	0	0	1	1.03	-0.7999	345	1	1.06	0.94;
	39	2	0	0	0	0	1	1.02	0.98935	345	1	1.06	0.94;
	40	2	555	148	0	0	1	1.02	1.1259	345	1	1.06	0.94;
	41	1	0	0	0	0	1	1.02	0.98	345	1	1.06	0.94;
	42	2	514.5	137	0	0	1	1.01	1.8809	345	1	1.06	0.94;
	43	2	960	256	0	0	1	1.02	6.14	345	1	1.06	0.94;
	44	2	1903.5	607.5	0	0	1	1.02	5.363	345	1	1.06	0.94;
	45	1	330	88	0	0	1	1.01	5.8174	345	1	1.06	0.94;
	46	2	435	156	0	0	1	1.03	4.8946	345	1	1.06	0.94;
	47	2	495	132	0	0	1	1.03	5.5937	345	1	1.06	0.94;
	48	2	330	88	0	0	1	1.01	5.8174	345	1	1.06	0.94;
	49	2	375	100	0	0	1	1.02	-12.0221	345	1	1.06	0.94;
	50	2	0	0	0	0	1	1.01	-2.4417	345	1	1.06	0.94;
	51	2	435	116	0	0	1	1.0117	1.2016	345	1	1.06	0.94;
	52	2	250.5	-66.8	0	0	1	1.0011	0.68186	345	1	1.06	0.94;
	53	1	0	0	0	0	1	1.0111	-0.26222	345	1	1.06	0.94;
	54	2	2100	560	0	0	1	1.0111	1.3647	345	1	1.06	0.94;
	55	1	0	0	0	0	1	1.0112	-0.56532	345	1	1.06	0.94;
	56	2	474	126.4	0	0	1	1.02	-0.21608	345	1	1.06	0.94;
	57	2	1980	528	0	0	1	1.02	0.91455	345	1	1.06	0.94;
	58	2	1260	336	0	0	1	1.041	2.9342	345	1	1.06	0.94;
	59	2	0	0	0	0	1	1.0412	-0.46674	345	1	1.06	0.94;
	60	2	445.5	120	0	0	1	1.0111	5.1852	345	1	1.06	0.94;
	61	2	877.5	234	0	0	1	1.0112	7.8823	345	1	1.06	0.94;
];

%% generator data
%	bus	Pg	Qg	Qmax	Qmin	Vg	mBase	status	Pmax	Pmin	Pc1	Pc2	Qc1min	Qc1max	Qc2min	Qc2max	ramp_agc	ramp_10	ramp_30	ramp_q	apf
mpc.gen = [
	1	610	0	100	-100	1.06577018	100	1	732	0	0	0	0	0	0	0	0	0	0	0	0;
	33	1125	0	100	-100	1.01331278	100	1	1350	0	0	0	0	0	0	0	0	0	0	0	0;
	36	394	0	100	-100	0.898620994	100	1	472.8	0	0	0	0	0	0	0	0	0	0	0	0;
	37	262	0	100	-100	1.05089666	100	1	314.4	0	0	0	0	0	0	0	0	0	0	0	0;
	38	445	0	100	-100	1.1264501	100	1	534	0	0	0	0	0	0	0	0	0	0	0	0;
	39	9975	0	100	-100	0.984239497	100	1	11970	0	0	0	0	0	0	0	0	0	0	0	0;
	40	365	0	100	-100	0.910136875	100	1	438	0	0	0	0	0	0	0	0	0	0	0	0;
	42	156	0	100	-100	0.88820337	100	1	187.2	0	0	0	0	0	0	0	0	0	0	0	0;
	43	576	0	100	-100	0.87581166	100	1	691.2	0	0	0	0	0	0	0	0	0	0	0	0;
	44	1449	0	100	-100	1.03984553	100	1	1738.8	0	0	0	0	0	0	0	0	0	0	0	0;
	46	350	0	100	-100	1.03393931	100	1	420	0	0	0	0	0	0	0	0	0	0	0	0;
	47	297	0	100	-100	0.921642292	100	1	356.4	0	0	0	0	0	0	0	0	0	0	0	0;
	48	182	0	100	-100	1.07540285	100	1	218.4	0	0	0	0	0	0	0	0	0	0	0	0;
	49	250	0	100	-100	0.893441628	100	1	300	0	0	0	0	0	0	0	0	0	0	0	0;
	50	1032	0	100	-100	1.14873628	100	1	1238.4	0	0	0	0	0	0	0	0	0	0	0	0;
	51	262	0	100	-100	0.787226757	100	1	314.4	0	0	0	0	0	0	0	0	0	0	0	0;
	52	167	0	100	-100	0.972622556	100	1	200.4	0	0	0	0	0	0	0	0	0	0	0	0;
	54	1704	0	100	-100	1.07533096	100	1	2044.8	0	0	0	0	0	0	0	0	0	0	0	0;
	56	416	0	100	-100	1.00122751	100	1	499.2	0	0	0	0	0	0	0	0	0	0	0	0;
	57	1320	0	100	-100	1.00490701	100	1	1584	0	0	0	0	0	0	0	0	0	0	0	0;
	58	840	0	100	-100	0.949147978	100	1	1008	0	0	0	0	0	0	0	0	0	0	0	0;
	59	273	0	100	-100	1.19652575	100	1	327.6	0	0	0	0	0	0	0	0	0	0	0	0;
	60	200	0	100	-100	0.953966488	100	1	240	0	0	0	0	0	0	0	0	0	0	0	0;
	61	536.66	0	100	-100	1.06979982	100	1	643.992	0	0	0	0	0	0	0	0	0	0	0	0;
];

%% branch data
%	fbus	tbus	r	x	b	rateA	rateB	rateC	ratio	angle	status	angmin	angmax
